5 tiles. PE 1 has 2 . Max is 3
Hello from NVSHMEM_PE=0/2
4 GPUs detected, asked to use use 2 GPUs
 with N=10 (5 of 2x2 tiles)
SM Limit per kernel = 20
cuBLAS workspace = 256 kB
 10.0024 0.973811 0.0929362 0.425028 0.770643 0.223476 0.104447  0.88464 0.781184 0.0342163
0.973811  10.4467 0.469021 0.0185186 0.211752 0.942973 0.0120711 0.240186 0.457008  0.12981
0.0929362 0.469021  10.4386 0.350849 0.764597 0.648334  0.82217 0.925029 0.274306 0.0432857
0.425028 0.0185186 0.350849  10.1069 0.323734 0.240852 0.222551 0.326126 0.214663 0.315488
0.770643 0.211752 0.764597 0.323734  10.7512 0.985306 0.538963 0.855602 0.869946 0.320147
0.223476 0.942973 0.648334 0.240852 0.985306  10.8898 0.316602 0.789168 0.908336 0.528354
0.104447 0.0120711  0.82217 0.222551 0.538963 0.316602  10.7321 0.920408  0.76854 0.189149
 0.88464 0.240186 0.925029 0.326126 0.855602 0.789168 0.920408  10.0502 0.207142 0.539998
0.781184 0.457008 0.274306 0.214663 0.869946 0.908336  0.76854 0.207142  10.8148 0.855476
0.0342163  0.12981 0.0432857 0.315488 0.320147 0.528354 0.189149 0.539998 0.855476  10.3622
5 tiles. PE 0 has 3 . Max is 3
 PE 0
10.002392 0.973811 0.770643 0.223476 0.781184 0.034216
0.973811 10.446657 0.211752 0.942973 0.457008 0.129810
0.092936 0.469021 0.764597 0.648334 0.274306 0.043286
0.425028 0.018519 0.323734 0.240852 0.214663 0.315488
0.770643 0.211752 10.751155 0.985306 0.869946 0.320147
0.223476 0.942973 0.985306 10.889818 0.908336 0.528354
0.104447 0.012071 0.538963 0.316602 0.768540 0.189149
0.884640 0.240186 0.855602 0.789168 0.207142 0.539998
0.781184 0.457008 0.869946 0.908336 10.814815 0.855476
0.034216 0.129810 0.320147 0.528354 0.855476 10.362168
 PE 1
0.092936 0.425028 0.104447 0.884640 0.000000 0.000000
0.469021 0.018519 0.012071 0.240186 0.000000 0.000000
10.438602 0.350849 0.822170 0.925029 0.000000 0.000000
0.350849 10.106940 0.222551 0.326126 0.000000 0.000000
0.764597 0.323734 0.538963 0.855602 0.000000 0.000000
0.648334 0.240852 0.316602 0.789168 0.000000 0.000000
0.822170 0.222551 10.732141 0.920408 0.000000 0.000000
0.925029 0.326126 0.920408 10.050218 0.000000 0.000000
0.274306 0.214663 0.768540 0.207142 0.000000 0.000000
0.043286 0.315488 0.189149 0.539998 0.000000 0.000000
totalNodes=55
bufferSize=640
tileSize=262144
PE 0. My neighbor is 1
PE 1. My neighbor is 0
WARNING! Node has many children, assuming future join of 12
WARNING! The graph tails: 8
WARNING! Node has many children, assuming future join of 9
WARNING! The graph tails: 4
Printing .dot graphs...
WARNING! The graph tails: 7
 PE 0
25:1
26:1
27:1
28:1
50:1
51:1
 PE 1
Instantiate graph...
GPU memory usage: used = 1196.687500, free = 39141.625000 MB, total = 40338.312500 MB
Launching...
0:1
1:1
2:1
3:1
4:1
41:1
42:1
43:1
PE 1 Waiting for dependency of NODE 0 COMPLETED with value 0
PE 1 Waiting for dependency of NODE 4 COMPLETED with value 0
PE 1 Waiting for dependency of NODE 3 COMPLETED with value 0
PE 1 Waiting for dependency of NODE 2 COMPLETED with value 0
PE 1 Waiting for dependency of NODE 1 COMPLETED with value 0
Updating dependency of NODE 25 on PE 0 by 1, from 1 to 0
Updating dependency of NODE 28 on PE 0 by 1, from 1 to 0
Updating dependency of NODE 27 on PE 0 by 1, from 1 to 0
Updating dependency of NODE 26 on PE 0 by 1, from 1 to 0
PE 1 Waiting for dependency of NODE 41 COMPLETED with value 0
44
PE 1 Waiting for dependency of NODE 43 COMPLETED with value 0
PE 1 Waiting for dependency of NODE 42 COMPLETED with value 0
0.044 0.067
0.021 0.060
Updating dependency of NODE 50 on PE 0 by 1, from 1 to 0
Updating dependency of NODE 51 on PE 0 by 1, from 1 to 0
Updating dependency of NODE 0 on PE 1 by 0, from 1 to 0
Updating dependency of NODE 2 on PE 1 by 0, from 1 to 0
Updating dependency of NODE 1 on PE 1 by 0, from 1 to 0
Updating dependency of NODE 4 on PE 1 by 0, from 1 to 0
Updating dependency of NODE 3 on PE 1 by 0, from 1 to 0
PE 0 Waiting for dependency of NODE 25 COMPLETED with value 0
PE 0 Waiting for dependency of NODE 26 COMPLETED with value 0
PE 0 Waiting for dependency of NODE 28 COMPLETED with value 0
PE 0 Waiting for dependency of NODE 27 COMPLETED with value 0
Updating dependency of NODE 41 on PE 1 by 0, from 1 to 0
Updating dependency of NODE 43 on PE 1 by 0, from 1 to 0
Updating dependency of NODE 42 on PE 1 by 0, from 1 to 0
PE 0 Waiting for dependency of NODE 50 COMPLETED with value 0
PE 0 Waiting for dependency of NODE 51 COMPLETED with value 0
device 1 | 0 run | time (s): 0.0096
device 0 | 0 run | time (s): 0.0012
 PE 0
10.002392 0.097358 0.077046 0.022342 0.078100 0.003421
0.973811 10.351849 0.013208 0.088990 0.036801 0.012218
0.092936 0.459972 0.072126 0.058108 0.024010 0.003585
0.425028 -0.022861 0.026416 0.021154 0.017262 0.031067
0.770643 0.136724 10.628749 0.085300 0.073583 0.028684
0.223476 0.921216 0.906630 10.685827 0.072250 0.045063
0.104447 0.001902 0.466630 0.222549 0.064572 0.014711
0.884640 0.154059 0.712949 0.636535 -0.004455 0.047544
0.781184 0.380954 0.782092 0.772056 10.572900 0.073450
0.034216 0.126479 0.304877 0.481536 0.776582 10.238844
Done
 PE 1
0.009291 0.042493 0.010442 0.088443 0.000000 0.000000
0.044434 -0.002208 0.000184 0.014882 0.000000 0.000000
10.417301 0.033398 0.078822 0.087351 0.000000 0.000000
0.347916 10.077209 0.018923 0.025650 0.000000 0.000000
0.751362 0.266196 0.043903 0.067077 0.000000 0.000000
0.605324 0.213174 0.020827 0.059568 0.000000 0.000000
0.821115 0.190694 10.637598 0.074262 0.000000 0.000000
0.909964 0.258485 0.789968 9.739164 0.000000 0.000000
0.250120 0.173956 0.686891 -0.043388 0.000000 0.000000
0.037348 0.313066 0.156486 0.463041 0.000000 0.000000
Total time used (s): 0.0096

After local copy:
 10.0024 0.0973578 1.27049e+83        0 0.0770458 0.0223422        0        0 0.0780997 0.00342081
0.973811  10.3518        0        0 0.0132077 0.0889904        0        0 0.0368005 0.012218
0.0929362 0.459972        0        0 0.0721264 0.0581076        0        0 0.0240101 0.00358518
0.425028 -0.0228613        0        0 0.0264156 0.0211541        0        0 0.0172623 0.0310667
0.770643 0.136724        0        0  10.6287 0.0852998        0        0 0.0735827 0.0286842
0.223476 0.921216        0        0  0.90663  10.6858        0        0 0.0722505 0.045063
0.104447 0.0019024        0        0  0.46663 0.222549        0        0 0.064572 0.0147107
 0.88464 0.154059        0        0 0.712949 0.636535        0        0 -0.00445499 0.0475443
0.781184 0.380954        0        0 0.782092 0.772056        0        0  10.5729 0.0734502
0.0342163 0.126479        0        0 0.304877 0.481536        0        0 0.776582  10.2388
 Collect 2 slices from PE 1

After slice 1 :
 10.0024 0.0973578 0.0092914 0.0424927 0.0770458 0.0223422        0        0 0.0780997 0.00342081
0.973811  10.3518 0.0444338 -0.00220842 0.0132077 0.0889904        0        0 0.0368005 0.012218
0.0929362 0.459972  10.4173 0.0333979 0.0721264 0.0581076        0        0 0.0240101 0.00358518
0.425028 -0.0228613 0.347916  10.0772 0.0264156 0.0211541        0        0 0.0172623 0.0310667
0.770643 0.136724 0.751362 0.266196  10.6287 0.0852998        0        0 0.0735827 0.0286842
0.223476 0.921216 0.605324 0.213174  0.90663  10.6858        0        0 0.0722505 0.045063
0.104447 0.0019024 0.821115 0.190694  0.46663 0.222549        0        0 0.064572 0.0147107
 0.88464 0.154059 0.909964 0.258485 0.712949 0.636535        0        0 -0.00445499 0.0475443
0.781184 0.380954  0.25012 0.173956 0.782092 0.772056        0        0  10.5729 0.0734502
0.0342163 0.126479 0.0373479 0.313066 0.304877 0.481536        0        0 0.776582  10.2388
buffer of  PE 0
0.009291 0.042493 0.010442 0.088443 0.000000 0.000000
0.044434 -0.002208 0.000184 0.014882 0.000000 0.000000
10.417301 0.033398 0.078822 0.087351 0.000000 0.000000
0.347916 10.077209 0.018923 0.025650 0.000000 0.000000
0.751362 0.266196 0.043903 0.067077 0.000000 0.000000
0.605324 0.213174 0.000000 0.000000 0.000000 0.000000
0.821115 0.190694 10.637598 0.074262 0.000000 0.000000
0.909964 0.258485 0.789968 9.739164 0.000000 0.000000
0.250120 0.173956 0.686891 -0.043388 0.000000 0.000000
0.037348 0.313066 0.156486 0.463041 0.000000 0.000000

After slice 3 :
 10.0024 0.0973578 0.0092914 0.0424927 0.0770458 0.0223422 0.0104422 0.0884428 0.0780997 0.00342081
0.973811  10.3518 0.0444338 -0.00220842 0.0132077 0.0889904 0.000183774 0.0148823 0.0368005 0.012218
0.0929362 0.459972  10.4173 0.0333979 0.0721264 0.0581076 0.0788222 0.0873512 0.0240101 0.00358518
0.425028 -0.0228613 0.347916  10.0772 0.0264156 0.0211541 0.0189233 0.0256504 0.0172623 0.0310667
0.770643 0.136724 0.751362 0.266196  10.6287 0.0852998 0.0439026 0.0670774 0.0735827 0.0286842
0.223476 0.921216 0.605324 0.213174  0.90663  10.6858        0        0 0.0722505 0.045063
0.104447 0.0019024 0.821115 0.190694  0.46663 0.222549  10.6376 0.0742619 0.064572 0.0147107
 0.88464 0.154059 0.909964 0.258485 0.712949 0.636535 0.789968  9.73916 -0.00445499 0.0475443
0.781184 0.380954  0.25012 0.173956 0.782092 0.772056 0.686891 -0.0433879  10.5729 0.0734502
0.0342163 0.126479 0.0373479 0.313066 0.304877 0.481536 0.156486 0.463041 0.776582  10.2388
buffer of  PE 0
0.009291 0.042493 0.010442 0.088443 0.000000 0.000000
0.044434 -0.002208 0.000184 0.014882 0.000000 0.000000
10.417301 0.033398 0.078822 0.087351 0.000000 0.000000
0.347916 10.077209 0.018923 0.025650 0.000000 0.000000
0.751362 0.266196 0.043903 0.067077 0.000000 0.000000
0.605324 0.213174 0.000000 0.000000 0.000000 0.000000
0.821115 0.190694 10.637598 0.074262 0.000000 0.000000
0.909964 0.258485 0.789968 9.739164 0.000000 0.000000
0.250120 0.173956 0.686891 -0.043388 0.000000 0.000000
0.037348 0.313066 0.156486 0.463041 0.000000 0.000000
A:
 10.0024 0.973811 0.0929362 0.425028 0.770643 0.223476 0.104447  0.88464 0.781184 0.0342163
0.973811  10.4467 0.469021 0.0185186 0.211752 0.942973 0.0120711 0.240186 0.457008  0.12981
0.0929362 0.469021  10.4386 0.350849 0.764597 0.648334  0.82217 0.925029 0.274306 0.0432857
0.425028 0.0185186 0.350849  10.1069 0.323734 0.240852 0.222551 0.326126 0.214663 0.315488
0.770643 0.211752 0.764597 0.323734  10.7512 0.985306 0.538963 0.855602 0.869946 0.320147
0.223476 0.942973 0.648334 0.240852 0.985306  10.8898 0.316602 0.789168 0.908336 0.528354
0.104447 0.0120711  0.82217 0.222551 0.538963 0.316602  10.7321 0.920408  0.76854 0.189149
 0.88464 0.240186 0.925029 0.326126 0.855602 0.789168 0.920408  10.0502 0.207142 0.539998
0.781184 0.457008 0.274306 0.214663 0.869946 0.908336  0.76854 0.207142  10.8148 0.855476
0.0342163  0.12981 0.0432857 0.315488 0.320147 0.528354 0.189149 0.539998 0.855476  10.3622

newA:
 10.0024 0.973811 0.0929362 0.425028 0.770643 0.223476 0.104447  0.88464 0.781184 0.0342163
0.973811  10.4467 0.469021 0.0185186 0.211752 0.942973 0.0120711 0.240186 0.457008  0.12981
0.0929362 0.469021  10.4386 0.350849 0.764597 0.648334  0.82217 0.925029 0.274306 0.0432857
0.425028 0.0185186 0.350849  10.1069 0.323734 0.240852 0.222551 0.326126 0.214663 0.315488
0.770643 0.211752 0.764597 0.323734  10.7512 0.985306 0.538963 0.855602 0.869946 0.320147
0.223476 0.942973 0.648334 0.240852 0.985306  10.8898 0.316602 0.789168 0.908336 0.528354
0.104447 0.0120711  0.82217 0.222551 0.538963 0.0940532  10.7275 0.907151 0.752461  0.17912
 0.88464 0.240186 0.925029 0.326126 0.855602 0.152633 0.907151  10.0123 0.161153 0.511314
0.781184 0.457008 0.274306 0.214663 0.869946 0.908336  0.76854 0.207142  10.8148 0.855476
0.0342163  0.12981 0.0432857 0.315488 0.320147 0.528354 0.189149 0.539998 0.855476  10.3622

L:
       1        0        0        0        0        0        0        0        0        0
0.0973578        1        0        0        0        0        0        0        0        0
0.0092914 0.0444338        1        0        0        0        0        0        0        0
0.0424927 -0.00220842 0.0333979        1        0        0        0        0        0        0
0.0770458 0.0132077 0.0721264 0.0264156        1        0        0        0        0        0
0.0223422 0.0889904 0.0581076 0.0211541 0.0852998        1        0        0        0        0
0.0104422 0.000183774 0.0788222 0.0189233 0.0439026        0        1        0        0        0
0.0884428 0.0148823 0.0873512 0.0256504 0.0670774        0 0.0742619        1        0        0
0.0780997 0.0368005 0.0240101 0.0172623 0.0735827 0.0722505 0.064572 -0.00445499        1        0
0.00342081 0.012218 0.00358518 0.0310667 0.0286842 0.045063 0.0147107 0.0475443 0.0734502        1


U:
 10.0024 0.973811 0.0929362 0.425028 0.770643 0.223476 0.104447  0.88464 0.781184 0.0342163
       0  10.3518 0.459972 -0.0228613 0.136724 0.921216 0.0019024 0.154059 0.380954 0.126479
       0        0  10.4173 0.347916 0.751362 0.605324 0.821115 0.909964  0.25012 0.0373479
       0        0        0  10.0772 0.266196 0.213174 0.190694 0.258485 0.173956 0.313066
       0        0        0        0  10.6287  0.90663  0.46663 0.712949 0.782092 0.304877
       0        0        0        0        0  10.6858 0.222549 0.636535 0.772056 0.481536
       0        0        0        0        0        0  10.6376 0.789968 0.686891 0.156486
       0        0        0        0        0        0        0  9.73916 -0.0433879 0.463041
       0        0        0        0        0        0        0        0  10.5729 0.776582
       0        0        0        0        0        0        0        0        0  10.2388

error = 1.028932}
Result passes verification: 0
Total time used (s): 0.0012
